Lib	salinity	Depth	Temperature	O2	PO4	SiO2	NO2	NO3	NH4	Tbact	Synechococcus	Chla_Picoeuk.	Latitude	Longitude	Season	Salinity_cat	Depth_cat	Oxy_cat
S1	10.5063	10	16.5551	6.64	0.06	9	0.01	0.08	NA	1080000	113317460.3	1.85	54.4	12.1	Summer	Marine	Surface	intermediate
S10	9.3619	60	5.1197	6.6	NA	NA	NA	NA	NA	5268907.563	2393090.57	NA	55.3	16	Summer	Marine	Hypolimneon	intermediate
S101	6.5331	20	7.2228	7.09	0.15	7.6	0.01	0.02	NA	2810000	43106442.58	0.83	58.1515	17.7365	Summer	Mesohaline	Hypolimneon	intermediate
S104	6.2286	17	6.7952	7.26592	NA	NA	NA	NA	NA	2720000	33041083.1	NA	57.69983333	17.3535	Summer	Mesohaline	Hypolimneon	intermediate
S106	7.4905	55	3.7853	6.95	0.97	15.6	0.25	4.17	NA	919000	2526610.644	NA	57.69983333	17.3535	Summer	Mesohaline	Hypolimneon	intermediate
S107	5.9172	10	14.6283	7.75	0.05	6.3	0.02	0.03	0.25	5030000	108716153.1	3.67	57.69983333	17.3535	Summer	Mesohaline	Surface	intermediate
S109	7.1521	40	3.8798	7.7	0.61	11.4	0.25	1.79	0.86	651000	2393090.57	NA	57.69983333	17.3535	Summer	Mesohaline	Hypolimneon	intermediate
S111	5.6106	10	15.0038	7.77	0	4.9	0.01	0	NA	5110000	126248366	NA	56.76	17.35383333	Summer	Mesohaline	Surface	intermediate
S112	6.0345	20	12.3533	6.36	0.11	6.2	0.01	0	NA	3730000	45109243.7	NA	56.76	17.35383333	Summer	Mesohaline	Hypolimneon	intermediate
S114	7.6611	60	3.8043	5.93	1.15	22.3	0.2	6.84	NA	1310000	6162464.986	NA	56.76	17.35383333	Summer	Mesohaline	Hypolimneon	intermediate
S117	6.5149	40	3.2585	7.15	0.87	15.5	0.22	6.61	NA	513000	1581699.346	NA	56.32	16.95083333	Summer	Mesohaline	Hypolimneon	intermediate
S119	5.0469	10	15.6493	8.04	0.03	3.9	0.01	0.01	NA	8040000	177591970.1	NA	56.32	16.95083333	Summer	Mesohaline	Surface	normal
S12	7.6878	10	15.1384	6.81	0.17	11.8	0.02	0.02	NA	1720000	219250233.4	3.23	55.2	14.4	Summer	Mesohaline	Surface	intermediate
S121	7.7208	60	3.8919	5.11	1.51	25.7	0.09	8.62	NA	2330000	4837535.014	NA	56.32	16.95083333	Summer	Mesohaline	Hypolimneon	intermediate
S125	7.3828	60	3.654	5.5	1.35	23.8	0.1	8.96	0.31	1730000	6450046.685	NA	55.86533333	16.513	Summer	Mesohaline	Hypolimneon	intermediate
S13	8.0156	30	7.9885	6.47	0.45	14.3	0.04	0.01	NA	856000	13742296.92	1.48	55.2	14.4	Summer	Marine	Hypolimneon	intermediate
S132	7.5088	56	3.9226	5.84	1.23	21.3	0.17	5.37	NA	1080000	2896358.543	NA	59.27	22.4	Summer	Mesohaline	Hypolimneon	intermediate
S14	12.0845	40	6.9777	3.57	1.03	28.3	0.32	2.1	NA	904000	14204481.79	NA	55.2	14.4	Summer	Marine	Hypolimneon	low
S140	5.6573	20	12.1743	7.14	-0.03	8.6	0.01	0.04	NA	6630000	195555555.6	NA	59.2858	19.466389	Summer	Mesohaline	Hypolimneon	intermediate
S15	7.6373	10	14.9917	6.94	0.22	13.1	0	0.01	NA	1710000	207582633.1	NA	55.5	14.9	Summer	Mesohaline	Surface	intermediate
S16	8.36	40	6.6635	6.6	0.5	13.7	0.05	0.02	NA	794000	13084967.32	NA	55.5	14.9	Summer	Marine	Hypolimneon	intermediate
S17	10.5077	50	6.1362	5.57589	NA	NA	NA	NA	NA	887000	14173669.47	NA	55.5	14.9	Summer	Marine	Hypolimneon	intermediate
S173	7.582	60	4.7205	6.57	0.87	19.1	0.4	1.95	NA	1760000	5135387.488	NA	56.76667	17.3539	Summer	Mesohaline	Hypolimneon	intermediate
S182	8.6877	49	5.1965	6.24	0.82	16	0.16	1.61	NA	2270000	7343604.108	NA	55.87556	16.52167	Summer	Marine	Hypolimneon	intermediate
S184	12.0641	30	13.688	5.15	0.51	12	0.31	0.19	NA	2660000	8319327.731	NA	55.11917	13.30111	Summer	Marine	Hypolimneon	intermediate
S186	13.3055	1	17.9171	6.08	0.08	8.4	0	0.05	NA	10000000	108089635.9	NA	54.79083	10.8875	Summer	Marine	Surface	intermediate
S187	13.9111	10	17.6687	6.1	0.1	5.8	0.01	0.05	NA	6650000	71597572.36	NA	54.79083	10.8875	Summer	Marine	Surface	intermediate
S19	7.5128	10	15.2829	7.02	0.27	15.4	0.01	0.02	NA	2460000	226860877.7	NA	55.5	15.6	Summer	Mesohaline	Surface	intermediate
S190	27.2267	15	10.7138	5.31	0.36	8.9	0.05	0.71	NA	4070000	29518207.28	NA	55.27	11.05	Summer	Marine	Hypolimneon	intermediate
S191	30.7204	27	8.2451	6.13209	NA	NA	NA	NA	NA	4880000	18785247.43	NA	55.27	11.05	Summer	Marine	Hypolimneon	intermediate
S193	29.851	14	9.4706	6.15	0	2	0	0	NA	3630000	34170868.35	NA	55.75	10.82	Summer	Marine	Hypolimneon	intermediate
S194	30.5887	24	8.7743	5.22	0.42	12.6	0.13	3.33	NA	3810000	23478991.6	NA	55.75	10.82	Summer	Marine	Hypolimneon	intermediate
S196	28.9622	16	11.2291	5.80448	NA	NA	NA	NA	NA	3470000	95528478.06	NA	56.21	11.11	Summer	Marine	Hypolimneon	intermediate
S197	30.8178	20	9.4911	5.01	0.34	16.2	0.18	3.07	NA	5540000	72747899.16	NA	56.21	11.11	Summer	Marine	Hypolimneon	intermediate
S199	17.3777	1	19.3831	5.89	0	0.5	0	0.02	0	3390000	30442577.03	NA	56.37	12.27	Summer	Marine	Surface	intermediate
S2	16.9539	20	13.3478	5.6	0.38	11.2	0.04	0.26	NA	1070000	30668534.08	0.94	54.4	12.1	Summer	Marine	Hypolimneon	intermediate
S20	7.6786	40	5.2382	4.65	0.55	16	0.04	0.06	NA	539000	10424836.6	NA	55.5	15.6	Summer	Mesohaline	Hypolimneon	low
S200	23.2834	10	15.8889	6.09	0	1.6	0.01	0.03	NA	2920000	41956115.78	NA	56.37	12.27	Summer	Marine	Surface	intermediate
S201	28.5738	20	14.5818	5.57	0.01	2	0	0.1	NA	3010000	139569561.2	NA	56.37	12.27	Summer	Marine	Hypolimneon	intermediate
S203	20.4023	1	17.2077	6.23	0	1.4	0	0.01	NA	3630000	53757236.23	NA	56.7	11.08	Summer	Marine	Surface	intermediate
S204	21.4669	5.5	16.6596	6.17966	NA	NA	NA	NA	NA	3910000	63422035.48	NA	56.7	11.08	Summer	Marine	Surface	intermediate
S205	26.9444	10	14.4679	5.49139	NA	NA	NA	NA	NA	3850000	131260504.2	NA	56.7	11.08	Summer	Marine	Surface	intermediate
S206	26.6409	13	14.6162	5.48	0.06	4.2	0.01	0.06	NA	4180000	125149393.1	NA	56.7	11.08	Summer	Marine	Hypolimneon	intermediate
S207	19.1686	1	18.2045	5.91	0	0.3	0	0.01	NA	3520000	31028011.2	NA	56.88	11.94	Summer	Marine	Surface	intermediate
S209	30.0855	20	14.1513	5.45	0.07	2.3	0.11	0.51	NA	2550000	64253968.25	NA	56.88	11.94	Summer	Marine	Hypolimneon	intermediate
S21	11.168	60	5.6525	4.79	1.23	24.6	0.06	5.22	NA	509000	3615312.792	NA	55.5	15.6	Summer	Marine	Hypolimneon	low
S210	33.767	41	7.3517	4.71	0.8	16.6	0.31	9.12	NA	3040000	8165266.106	NA	56.88	11.94	Summer	Marine	Hypolimneon	low
S211	23.7792	1	17.4289	5.72	0	1	0	0.12	0.21	3100000	63997198.88	0.8	57.2	11.17	Summer	Marine	Surface	intermediate
S213	30.9018	20	13.7184	5.38	0.07	2	0.18	0.47	0.36	2390000	39840336.13	1.14	57.2	11.17	Summer	Marine	Hypolimneon	intermediate
S214	33.0197	40	9.8329	5.07	0.5	9.2	0.39	6.83	0.15	2640000	4046685.341	NA	57.2	11.17	Summer	Marine	Hypolimneon	intermediate
S215	34.0577	66	7.6032	4.67	0.89	17.2	0.2	10.03	0.24	2640000	4560224.09	NA	57.2	11.17	Summer	Marine	Hypolimneon	low
S216	26.9297	1	17.0214	5.9	0.04	1.2	0	0.14	NA	3370000	77811391.22	NA	57.68	11.1	Summer	Marine	Surface	intermediate
S218	30.9982	20	14.7874	5.68	0.01	1.8	0.02	0.18	NA	1930000	44082166.2	NA	57.68	11.1	Summer	Marine	Hypolimneon	intermediate
S219	31.9054	25	14.3649	5.59358	NA	NA	NA	NA	NA	1920000	13916900.09	NA	57.68	11.1	Summer	Marine	Hypolimneon	intermediate
S220	32.5112	34	14.3081	5.31	0.13	4	0.07	0.8	NA	1960000	6860877.684	NA	57.68	11.1	Summer	Marine	Hypolimneon	intermediate
S221	30.6325	1	16.5661	5.71	0	0.9	0	0.08	0.39	3410000	48611577.96	0.32	58.15	10.28	Summer	Marine	Surface	intermediate
S222	33.5121	20	10.2054	7.31	0.01	0.3	0	0.08	0.21	6610000	205682539.7	1.7	58.15	10.28	Summer	Marine	Hypolimneon	intermediate
S223	35.1656	60	7.6167	5.88	0.74	4.1	0.03	10.01	0.17	1450000	1478991.597	NA	58.15	10.28	Summer	Marine	Hypolimneon	intermediate
S224	35.1656	100	7.6167	5.88	0.74	4.1	0.03	10.01	0.17	1450000	1478991.597	NA	58.15	10.28	Summer	Marine	Hypolimneon	intermediate
S225	35.2095	179	7.0625	5.84	0.93	7.1	0.06	11.42	0.23	1110000	564892.6237	NA	58.15	10.28	Summer	Marine	Hypolimneon	intermediate
S226	30.9177	1	16.8693	5.88	0.01	1	0	0.13	0.24	NA	NA	0.7	58.35	10.3	Summer	Marine	Surface	intermediate
S227	33.8274	20	9.7954	6.75	0.01	0.6	0	0.1	0.21	NA	NA	2.11	58.35	10.3	Summer	Marine	Hypolimneon	intermediate
S24	7.491	40	4.7842	7.63	0.49	14.7	0.01	0	NA	596000	14512605.04	NA	55.3	17.8	Summer	Mesohaline	Hypolimneon	intermediate
S25	8.2662	60	4.7918	6.2	1.13	21.5	0.28	2.47	NA	492000	4211017.74	NA	55.3	17.8	Summer	Marine	Hypolimneon	intermediate
S26	11.2688	70	5.9248	3.72	1.54	32.8	0.04	6.99	NA	598000	4241830.065	NA	55.3	17.8	Summer	Marine	Hypolimneon	low
S27	7.2261	10	15.2897	7.31	0.11	15	0.01	0.02	0.19	2880000	417630252.1	6.38	54.9	19.3	Summer	Mesohaline	Surface	intermediate
S28	7.4746	40	4.7532	7.59	0.45	14.8	0.01	0.01	0.23	495000	7682539.683	NA	54.9	19.3	Summer	Mesohaline	Hypolimneon	intermediate
S29	8.3788	70	4.7477	5.09	1.49	26.2	0.1	5.72	0.67	620000	5135387.488	NA	54.9	19.3	Summer	Marine	Hypolimneon	intermediate
S3	7.739	10	15.4924	6.99	0.15	12	0.01	0.08	NA	1740000	263157796.5	2.69	54.9	13.5	Summer	Mesohaline	Surface	intermediate
S31	7.3756	10	14.7349	6.88	0.3	15.3	0.01	0	0.21	3320000	533874883.3	5.04	55.6	18.4	Summer	Mesohaline	Surface	intermediate
S32	7.3935	40	4.5664	7.84	0.47	15.7	0.01	0.05	0.44	403000	8997198.88	NA	55.6	18.4	Summer	Mesohaline	Hypolimneon	intermediate
S36	7.4015	40	4.4206	8.02	0.55	14.6	0.02	0.02	NA	438000	7446311.858	NA	55.9	18.9	Summer	Mesohaline	Hypolimneon	normal
S37	8.6373	75	4.8674	7.76	0.73	15.3	0.25	1.24	NA	639000	2177404.295	NA	55.9	18.9	Summer	Marine	Hypolimneon	intermediate
S38	11.4799	110	6.134	3.4	1.66	37.6	0.05	6.42	NA	827000	4313725.49	NA	55.9	18.9	Summer	Marine	Hypolimneon	low
S39	7.2547	10	14.7806	7	0.1	9.8	0.01	0.01	NA	4470000	220318394	NA	56.9	19.7	Summer	Mesohaline	Surface	intermediate
S4	11.1378	30	13.0663	6.3	NA	NA	NA	NA	NA	994000	51692810.46	NA	54.9	13.5	Summer	Marine	Hypolimneon	intermediate
S40	8.8211	70	4.8714	7.3	0.78	15.4	0.39	1.02	NA	407000	1335200.747	NA	56.9	19.7	Summer	Marine	Hypolimneon	intermediate
S45	7.117	20	6.1901	7.44	0.28	8.5	0.01	0	0.07	1410000	37118580.77	NA	57.3	20.1	Summer	Mesohaline	Hypolimneon	intermediate
S50	7.4087	48	4.3236	7.94	0.53	13	0.03	0.09	0.5	1478991.597	328664.7993	NA	57.3	20.1	Summer	Mesohaline	Hypolimneon	intermediate
S51	8.0538	70	4.4018	5.49	1.36	22.7	0.27	3.51	0.87	482726.4239	236227.8245	NA	57.3	20.1	Summer	Marine	Hypolimneon	intermediate
S58	6.245	10	14.5015	6.86	0.06	8.3	0.01	0.01	NA	3870000	186815126.1	NA	57.8	20.1	Summer	Mesohaline	Surface	intermediate
S59	8.5494	70	4.6758	5	NA	NA	NA	NA	NA	493000	0	NA	57.8	20.1	Summer	Marine	Hypolimneon	intermediate
S66	5.0359	10	13.0312	7.32264	NA	NA	NA	NA	NA	2300000	93207282.91	NA	60.2	19.1	Summer	Mesohaline	Surface	intermediate
S67	4.9346	2	13.4807	7.33989	NA	NA	NA	NA	NA	4340000	276150326.8	2.84	60.2	19.1	Summer	Mesohaline	Surface	intermediate
S68	5.823	20	5.254	8.27257	NA	NA	NA	NA	NA	1650000	50244631.19	1.26	60.2	19.1	Summer	Mesohaline	Hypolimneon	normal
S69	6.6221	80	3.2698	8.24908	NA	NA	NA	NA	NA	761000	2516339.869	NA	60.2	19.1	Summer	Mesohaline	Hypolimneon	normal
S7	8.4959	50	4.9919	6.9	NA	NA	NA	NA	NA	418000	3574229.692	NA	54.9	15.4	Summer	Marine	Hypolimneon	intermediate
S70	6.9525	250	4.1997	7.32804	NA	NA	NA	NA	NA	908000	5720821.662	NA	60.2	19.1	Summer	Mesohaline	Hypolimneon	intermediate
S71	5.31	2	12.2	7.8	0.01	8.9	0.02	0.02	NA	3380000	231061624.6	NA	62.2	19.7	Summer	Mesohaline	Surface	intermediate
S72	5.3	10	11.3	7.8	0.01	9	0.01	0	NA	3180000	384024276.4	NA	62.2	19.7	Summer	Mesohaline	Surface	intermediate
S73	5.9	80	2.82	6.96	0.53	27.9	0.18	5.11	NA	1180000	7199813.259	NA	62.2	19.7	Summer	Mesohaline	Hypolimneon	intermediate
S75	5.3133	2	12.2091	7.3	0.01	13.6	0.01	0.01	NA	3830000	36902894.49	NA	63.1	20.5	Summer	Mesohaline	Surface	intermediate
S79	2.5741	2	12.2	7.89	0	42.3	0.19	1.75	0.15	2620000	36902894.49	16.13	65.4	23.5	Summer	Oligohaline	Surface	intermediate
S8	14.7458	70	6.6723	1.97	NA	NA	NA	NA	NA	681000	8586367.88	NA	54.9	15.4	Summer	Marine	Hypolimneon	low
S80	2.6612	7.5	12.7	5.42755	NA	NA	NA	NA	NA	2670000	35403361.34	NA	65.4	23.5	Summer	Oligohaline	Surface	intermediate
S83	2.8484	2	12.2507	7.9	0	34.9	0.18	2.68	NA	2640000	61316526.61	NA	64.7	22.1	Summer	Oligohaline	Surface	intermediate
S84	2.8072	10	9.0592	8.27426	NA	NA	NA	NA	NA	3240000	71751633.99	NA	64.7	22.1	Summer	Oligohaline	Surface	normal
S87	3.2459	2	12.6228	7.87008	NA	NA	NA	NA	NA	4310000	86983193.28	NA	63.6	21.1	Summer	Oligohaline	Surface	intermediate
S88	3.4693	10	11.5917	7.79823	NA	NA	NA	NA	NA	3780000	82371615.31	NA	63.6	21.1	Summer	Oligohaline	Surface	intermediate
S9	7.5385	10	15.0006	7.13	0.31	15.5	0.01	0.08	0.54	203957049.5	19052287.58	4.91	55.3	16	Summer	Mesohaline	Surface	intermediate
S90	4.7339	30	5.0723	7.38452	NA	NA	NA	NA	NA	2790000	23232493	NA	63.6	21.1	Summer	Mesohaline	Hypolimneon	intermediate
S91	4.947	2	13.2554	7.53	0.01	9.3	0.01	0	NA	6470000	651413632.1	NA	62.64	19.3	Summer	Mesohaline	Surface	intermediate
S92	5.0908	20	8.7467	7.48	0	9.1	0.01	0	NA	4850000	408057889.8	NA	62.64	19.3	Summer	Mesohaline	Hypolimneon	intermediate
S93	5.4378	40	2.5948	8.49	0.05	16.1	0.17	0.78	NA	2280000	7025210.084	NA	62.64	19.3	Summer	Mesohaline	Hypolimneon	normal
S94	6.0868	105	3.6404	5.63	0.79	36.3	0.06	7.05	NA	1610000	4313725.49	NA	62.64	19.3	Summer	Mesohaline	Hypolimneon	intermediate
S96	4.7709	10	12.169	7.51	0	12.7	0.01	0.01	0.18	4350000	433067226.9	1.2	62.6	20	Summer	Mesohaline	Surface	intermediate
W003	23.9692	15	4.8854	8.06	0.83	11.06	0.19	6.79	0.17	712466.4834	1496000	1528057.143	54.7866717	10.8788567	Winter	Marine	Hypolimneon	normal
W004	12.834	1	1.6642	NA	0.28	5.22	0.12	1.6	0.8	1089541.885	1645600	6561028.571	55.266715	11.0553983	Winter	Marine	Surface	normal
W006	29.2208	25	6.2436	7.36	0.92	13.77	0.16	9.1	0.25	746245.1566	1271600	1207485.714	55.266715	11.0553983	Winter	Marine	Hypolimneon	intermediate
W007	15.8426	1	1.7929	11.76	0.28	1.03	0.04	0.03	0.17	1055523.647	NA	NA	55.7435133	10.8089917	Winter	Marine	Surface	normal
W009	30.9544	28	6.3651	7.44	1.06	8.62	0.25	7.35	0.13	850216.392	NA	NA	55.7435133	10.8089917	Winter	Marine	Hypolimneon	intermediate
W010	18.6747	1	1.5063	11.78	0.05	0	0.06	0.01	0.04	999225.8582	1463942.857	7394514.286	56.210595	11.1098317	Winter	Marine	Surface	normal
W012	32.3745	16	6.5181	7.39	0.23	21.72	0.12	1.72	15.85	760139.93	1100628.571	512914.2857	56.210595	11.1098317	Winter	Marine	Hypolimneon	intermediate
W016	29.5207	13	5.6096	7.93	0.6	10.12	0.18	5.82	0	735464.729	769371.4286	1357085.714	56.688015	11.07196	Winter	Marine	Hypolimneon	intermediate
W018	34.2772	21	5.6377	8.3	0.55	8.4	0.04	6.65	0.02	601787.4265	1784514.286	534285.7143	57.19194	11.664	Winter	Marine	Hypolimneon	normal
W019	34.7483	50	6.2216	8.13	0.46	6.38	0.04	15.92	0	467391.4288	1378457.143	309885.7143	57.19194	11.664	Winter	Marine	Hypolimneon	normal
W021	20.2144	1	0.9987	11.09	0.18	2.39	0.08	0.42	0	1012401.936	566342.8571	6796114.286	57.67521	11.093075	Winter	Marine	Surface	normal
W023	32.2406	13	3.1686	9.47	1.01	6.97	0.32	8.32	0.29	639159.5756	2778285.714	7319714.286	57.67521	11.093075	Winter	Marine	Hypolimneon	normal
W025	34.1051	34	4.2853	8.97	0.55	6.97	0.28	7.93	0.4	653293.914	3013371.429	4146057.143	57.67521	11.093075	Winter	Marine	Hypolimneon	normal
W027	34.1041	20	5.1401	8.79	0.51	3.33	0.07	6.97	0.84	820031.1946	3761371.429	5663428.571	58.1453933	10.2740917	Winter	Marine	Hypolimneon	normal
W028	35.0054	60	6.2974	8.24	0.69	4.43	0.02	8.45	0	481046.6371	1805885.714	2190571.429	58.1453933	10.2740917	Winter	Marine	Hypolimneon	normal
W030	34.9744	177	5.4595	8.57	0.69	3.47	0.12	7.5	0.97	538302.686	1976857.143	2650057.143	58.1453933	10.2740917	Winter	Marine	Hypolimneon	normal
W031	26.973	1	1.4619	11.55	0.14	0	0.07	0.21	33.8	972155.0066	2489771.429	4712400	58.3545483	10.2960917	Winter	Marine	Surface	normal
W032	34.6663	26	6.4239	8.27	0.55	1.92	0.07	7.49	32.47	514106.6151	2051657.143	2756914.286	58.3545483	10.2960917	Winter	Marine	Hypolimneon	normal
W033	35.0064	100	6.9362	7.86	0.65	2.02	0	8.34	22.59	468349.689	961714.2857	416742.8571	58.3545483	10.2960917	Winter	Marine	Hypolimneon	intermediate
W034	35.2089	300	7.2042	7.6	0.83	2.73	0.01	10.62	25.26	352639.7658	544971.4286	299200	58.3545483	10.2960917	Winter	Marine	Hypolimneon	intermediate
W035	19.4498	1	1.3022	11.74	0.23	1.63	0.09	0.11	6.25	1102238.833	1057885.714	5300114.286	56.8754733	11.9330917	Winter	Marine	Surface	normal
W036	33.4213	20	5.3996	8.32	0.6	6.75	0.05	7.25	4.69	647304.7876	1260914.286	566342.8571	56.8754733	11.9330917	Winter	Marine	Hypolimneon	normal
W037	34.3531	36	5.7783	8.09	0.46	7.51	0.09	5.52	4.74	575914.4002	1624228.571	384685.7143	56.8754733	11.9330917	Winter	Marine	Hypolimneon	normal
W039	31.7703	15	5.739	8.24	0.67	7.44	0.02	7.19	0.3	702644.316	876228.5714	641142.8571	56.3598217	12.2652617	Winter	Marine	Hypolimneon	normal
W042	8.3866	25	2.2897	11.21	0.65	5.81	0.4	2.78	0.04	579148.5285	16007200	11102457.14	55.11172	13.3008817	Winter	Marine	Hypolimneon	normal
W043	10.0739	38	2.7937	NA	0.74	7.44	0.45	3.04	1.03	632571.5365	10012514.29	7661657.143	55.11172	13.3008817	Winter	Marine	Hypolimneon	normal
W045	8.3873	25	2.5885	10.85	0.65	10	0.37	3.25	0.59	603943.512	12694628.57	8730228.571	55.1849167	14.4380017	Winter	Marine	Hypolimneon	normal
W046	14.139	42	4.5325	8.86	0.78	17.83	0.23	5.77	0.25	883156.5875	9937714.286	5748914.286	55.1849167	14.4380017	Winter	Marine	Hypolimneon	normal
W047	7.7418	2	2.9645	10.92	0.67	15.86	0.07	2.73	0.75	687431.9348	22108742.86	11615371.43	55.5330717	14.91986	Winter	Mesohaline	Surface	normal
W048	7.7472	30	2.968	10.91	0.67	11.18	0.07	2.9	1.27	685635.1969	21820228.57	12694628.57	55.5330717	14.91986	Winter	Mesohaline	Hypolimneon	normal
W049	7.8607	50	3.2792	10.72	0.65	16.31	0.05	3.22	0.62	704560.8365	20046400	10119371.43	55.5330717	14.91986	Winter	Mesohaline	Hypolimneon	normal
W052	7.7626	2	3.0667	10.94	4.08	10.64	0.06	2.74	1.27	684796.7192	25635028.57	11797028.57	55.5168667	15.5695383	Winter	Mesohaline	Surface	normal
W053	7.8478	45	3.1379	8.46	4.01	9.51	0.07	2.81	1.28	711388.4407	25699142.86	12448857.14	55.5168667	15.5695383	Winter	Mesohaline	Hypolimneon	normal
W055	7.3813	2	2.5518	11.08	0.69	8.08	0.09	1.97	0.1	624426.3245	16648342.86	10162114.29	55.8651617	16.5140833	Winter	Mesohaline	Surface	normal
W056	7.409	25	2.5761	11.02	0.67	10.84	0.08	2.59	0	660840.2134	17599371.43	10268971.43	55.8651617	16.5140833	Winter	Mesohaline	Hypolimneon	normal
W058	7.1706	1	2.5193	11	0.62	29.36	0.14	2.79	0	474698.163	8174571.429	4701714.286	55.8651617	16.5140833	Winter	Mesohaline	Surface	normal
W059	7.1789	30	2.4779	10.98	0.67	29.36	0.16	2.72	0.17	513148.3549	6892285.714	5289428.571	56.3201933	16.950385	Winter	Mesohaline	Hypolimneon	normal
W060	7.1953	51	2.5443	10.86	0.55	29.85	0.15	1.56	1.83	461402.3023	6817485.714	5353542.857	56.3201933	16.950385	Winter	Mesohaline	Hypolimneon	normal
W061	7.1418	1	2.6534	10.91	0.62	7.73	0.13	3.36	0.02	407739.7292	6699942.857	3451485.714	56.7602033	17.3540017	Winter	Mesohaline	Surface	normal
W062	7.1943	53	2.7886	10.82	0.67	8.47	0.12	3.37	0	425707.1086	6742685.714	3707942.857	56.7602033	17.3540017	Winter	Mesohaline	Hypolimneon	normal
W063	9.6479	86	5.1879	NA	3.41	40.89	0.06	0	4.22	2085413.833	4178114.286	1666971.429	56.7602033	17.3540017	Winter	Marine	Hypolimneon	normal
W064	7.0949	1	2.6765	10.88	0.71	14.09	0.08	3.36	0	392168.0005	3569028.571	2575257.143	57.22379	17.5807783	Winter	Mesohaline	Surface	normal
W065	7.1472	50	2.4837	10.9	0.74	14.63	0.09	3.53	0.82	492425.9774	4552114.286	3301885.714	57.22379	17.5807783	Winter	Mesohaline	Hypolimneon	normal
W066	8.4416	74	4.9802	4.11	1.94	32.46	0.01	4.26	0.11	522251.8271	1431885.714	1036514.286	57.22379	17.5807783	Winter	Marine	Hypolimneon	low
W067	7.0068	1	2.5573	10.96	0.65	13.69	0.06	3.64	NA	391329.5228	4284971.429	1602857.143	57.70025	17.3524	Winter	Mesohaline	Surface	normal
W068	7.0746	58	2.3642	10.25	0.78	15.52	0.06	3.64	0.27	318621.5276	4114000	1891371.429	57.70025	17.3524	Winter	Mesohaline	Hypolimneon	normal
W072	6.9053	1	2.2256	11.14	0.6	15.17	0.23	3.43	0.74	292389.1537	8516514.286	2115771.429	58.1513367	17.7366783	Winter	Mesohaline	Surface	normal
W073	7.0063	50	2.5672	10.88	0.58	14.48	0.18	3.05	0.02	303648.7114	2051657.143	1699028.571	58.1513367	17.7366783	Winter	Mesohaline	Hypolimneon	normal
W076	6.4503	1	1.7283	11.33	0.58	11.72	0.09	3.7	1.24	474219.0329	7522742.857	4894057.143	58.5837417	18.2334733	Winter	Mesohaline	Surface	normal
W077	6.9867	32	2.4709	10.94	0.62	35.42	0.09	3.53	0.23	316345.6595	3387371.429	2564571.429	58.5837417	18.2334733	Winter	Mesohaline	Hypolimneon	normal
W078	7.0636	50	2.9183	8.8	3.2	9.16	0.06	3.95	0	294784.8043	4915428.571	2115771.429	58.5837417	18.2334733	Winter	Mesohaline	Hypolimneon	normal
W084	7.0286	52	2.8189	10.82	0.62	13.89	0.05	3.87	0	303289.3638	3996457.143	2051657.143	58.8587317	19.0960067	Winter	Mesohaline	Hypolimneon	normal
W086	6.4413	1	1.9307	11.31	0.58	14.93	0.08	3.15	0.1	430618.1923	7009828.571	4231542.857	59.2847917	19.45913	Winter	Mesohaline	Surface	normal
W087	6.8431	39	2.7137	10.85	0.69	8.42	0.07	3.72	0.16	246033.3149	2222628.571	1143371.429	59.2847917	19.45913	Winter	Mesohaline	Hypolimneon	normal
W088	7.6167	61	4.2871	8.36	1.13	15.12	0.04	3.71	0	362342.1507	1773828.571	908285.7143	59.2847917	19.45913	Winter	Mesohaline	Hypolimneon	normal
W089	5.4231	1	0.152	12.08	0.35	20.1	0.06	3.04	0.08	815719.0236	12235142.86	9008057.143	60.1912533	19.11769	Winter	Mesohaline	Surface	normal
W090	6.439	50	3.5696	10.19	0.62	16.16	0.06	4.09	0.19	294425.4567	2019600	983085.7143	60.1912533	19.11769	Winter	Mesohaline	Hypolimneon	normal
W091	6.6433	100	3.9675	9.95	0.67	14.58	0.04	3.92	0	307960.8825	1431885.714	833485.7143	60.1912533	19.11769	Winter	Mesohaline	Hypolimneon	normal
W092	7.0525	256	5.8008	6.89	1.29	23.99	0.07	4.28	0.05	746245.1566	2318800	1453257.143	60.1912533	19.11769	Winter	Mesohaline	Hypolimneon	intermediate
W093	5.449	1	1.0094	11.55	0.35	18.92	0.04	3.45	0.12	886869.8459	6358000	4530742.857	62.14406	19.7181517	Winter	Mesohaline	Surface	normal
W095	6.2736	113	4.295	6.72	0.27	35.76	0.4	5.21	0.16	739297.77	2831714.286	1538742.857	62.14406	19.7181517	Winter	Mesohaline	Hypolimneon	intermediate
W096	5.5183	1	0.9732	11.63	0.3	18.33	0.02	3.64	0	863632.0352	7586857.143	5396285.714	62.5871883	19.9681967	Winter	Mesohaline	Surface	normal
W097	5.5455	49	1.2734	11.45	0.3	17.39	0.02	3.55	0.01	851773.5648	7458628.571	4990228.571	62.5871883	19.9681967	Winter	Mesohaline	Hypolimneon	normal
W098	5.7164	80	3.2123	10.15	0.44	19.61	0.04	3.4	0.01	823984.0181	3761371.429	2618000	62.5871883	19.9681967	Winter	Mesohaline	Hypolimneon	normal
W099	6.3161	130	4.5052	7.15	1.06	32.07	0.09	4.57	0.55	702404.751	2008914.286	1068571.429	62.5871883	19.9681967	Winter	Mesohaline	Hypolimneon	intermediate
W102	5.5399	1	0.2408	11.81	0.02	16.95	0.06	4.25	0.4	889265.4965	8986685.714	4445257.143	63.0417033	20.4862017	Winter	Mesohaline	Surface	normal
W103	5.5486	15	0.6334	11.65	0.02	16.9	0.05	4.04	0.42	947360.0231	6625142.857	4712400	63.0417033	20.4862017	Winter	Mesohaline	Hypolimneon	normal
W104	5.5521	20	0.7636	11.56	0.02	13.35	0.05	3.74	0.05	872495.9424	6945714.286	4434571.429	63.0417033	20.4862017	Winter	Mesohaline	Hypolimneon	normal
W105	5.5709	50	1.4899	11.39	0.02	12.91	0.04	2.89	0.39	894056.7976	8281428.571	4242228.571	63.0417033	20.4862017	Winter	Mesohaline	Hypolimneon	normal
W107	5.0864	1	-0.081	11.67	0.9	22.22	0.03	8.09	0.12	?	10236914.29	6261828.571	59.86585	25.63252	Winter	Mesohaline	Surface	normal
W109	9.0937	70	5.5553	2.22	2.53	46.4	0.02	5.37	0.13	1098645.357	3034742.857	1228857.143	59.86585	25.63252	Winter	Marine	Hypolimneon	low
W111	5.2415	1	0.0552	11.95	0.85	18.13	0.04	6.78	0.11	1117570.997	9328628.571	5524514.286	59.8035867	24.8498333	Winter	Mesohaline	Surface	normal
W112	5.3045	15	0.2895	11.76	0.88	18.03	0.03	8.22	0.65	1108707.09	8537885.714	5342857.143	59.8035867	24.8498333	Winter	Mesohaline	Hypolimneon	normal
W113	6.2415	35	1.3707	11.31	0.78	15.57	0.05	5.43	0	431456.67	2308114.286	1325028.571	59.8035867	24.8498333	Winter	Mesohaline	Hypolimneon	normal
W114	6.9284	50	3.4623	9.86	0.9	16.95	0.02	4.68	0.07	391449.3053	NA	NA	59.8035867	24.8498333	Winter	Mesohaline	Hypolimneon	normal
W115	9.2898	70	5.4465	2.05	2.65	44.48	0.05	4.17	0.05	954307.4098	NA	NA	59.8035867	24.8498333	Winter	Marine	Hypolimneon	low
W117	5.8568	15	0.8682	11.54	0.81	13.3	0.07	7.7	0.05	770441.2275	NA	NA	59.6835933	23.998945	Winter	Mesohaline	Hypolimneon	normal
W118	7.1996	62	4.1059	9.38	0.9	12.61	0.01	4.56	0.05	353358.461	1239542.857	641142.8571	59.6835933	23.998945	Winter	Mesohaline	Hypolimneon	normal
W121	6.4232	15	1.6065	11.28	0.78	15.17	0.05	6.42	0	428462.1068	NA	NA	59.6835933	23.998945	Winter	Mesohaline	Hypolimneon	normal
W122	9.1981	65	5.6589	2.5	2.53	39.85	0	4.79	0	286639.5923	320571.4286	213714.2857	59.6835933	23.998945	Winter	Marine	Hypolimneon	low
W124	6.3365	2	1.3668	11.47	0.88	11.18	0.12	6.45	0.27	526563.9982	2532514.286	1837942.857	59.5004483	21.0005917	Winter	Mesohaline	Surface	normal
W125	6.4353	20	1.5345	11.36	0.85	14.09	0.09	5.3	0.06	383663.4409	NA	NA	59.5004483	21.0005917	Winter	Mesohaline	Hypolimneon	normal
W126	6.5645	45	2.0005	11.06	0.78	11.33	0.08	6.33	0.04	361743.2381	NA	NA	59.5004483	21.0005917	Winter	Mesohaline	Hypolimneon	normal
W127	6.7466	54	2.2519	10.74	0.78	10.59	0.08	5.31	0.25	429420.367	2030285.714	833485.7143	59.5004483	21.0005917	Winter	Mesohaline	Hypolimneon	normal
W128	6.9965	2	2.4857	11.09	0.35	13.05	0.11	4.26	0.11	341140.643	2414971.429	1186114.286	59.150305	21.3683933	Winter	Mesohaline	Surface	normal
W129	7.042	40	2.4158	11.02	0.35	13.2	0.12	4.66	0.08	317303.9197	2211942.857	1207485.714	59.150305	21.3683933	Winter	Mesohaline	Hypolimneon	normal
W134	7.4972	65	3.4963	10.33	0.67	7.04	0.04	3.59	4.22	504643.7953	10461314.29	5342857.143	58.3085	20.35035	Winter	Mesohaline	Hypolimneon	normal
W136	7.2293	15	3.0086	10.87	0.55	11.63	0.07	3.69	6.67	272026.1237	4883371.429	2703485.714	57.7833333	20.09	Winter	Mesohaline	Hypolimneon	normal
W137	7.2641	60	3.127	10.84	0.6	9.01	0.05	3.42	1.33	350363.8978	6935028.571	4242228.571	57.7833333	20.09	Winter	Mesohaline	Hypolimneon	normal
W141	7.327	2	3.131	11	0.57	10.92	0.06	1.89	0	404026.4708	NA	NA	57.305	20.0745	Winter	Mesohaline	Surface	normal
W142	7.329	25	3.133	11.02	0.62	10.1	0.06	2.16	0	469188.1667	14618057.14	7063257.143	57.305	20.0745	Winter	Mesohaline	Hypolimneon	normal
W143	8	60	4.468	9.34	0.9	14.21	0.05	2.77	0	534948.7752	9820171.429	5236000	57.305	20.0745	Winter	Mesohaline	Hypolimneon	normal
W145	7.3958	2.5	3.1604	11.1	0.57	10.75	0.06	4.01	0.05	594360.9097	19548445.71	8629782.857	56.8466667	19.7083333	Winter	Mesohaline	Surface	normal
W146	7.5639	45	3.3302	10.87	0.64	9.57	0.07	3.03	0.44	658564.3453	29607977.14	10463451.43	56.8466667	19.7083333	Winter	Mesohaline	Hypolimneon	normal
W149	7.5399	1.5	3.4009	10.97	0.59	9.98	0.06	2.88	0	529678.3439	NA	NA	55.9261333	18.991	Winter	Mesohaline	Surface	normal
W151	7.6202	60	3.511	10.84	0.69	9.14	0.09	3.24	0	558186.5859	34012628.57	9574400	55.9261333	18.991	Winter	Mesohaline	Hypolimneon	normal
W153	11.8423	108	7.4805	2.35	2.27	38.98	0.09	6.42	0	665871.0796	NA	NA	55.9261333	18.991	Winter	Marine	Hypolimneon	low
W155	7.449	1	3.3501	11.02	0.59	11.4	0.06	2.65	0	599152.2108	30571828.57	11412342.86	55.5493333	18.4008333	Winter	Mesohaline	Surface	normal
W156	7.4688	45	3.4081	10.97	0.64	11.34	0.05	2.76	0.18	542015.9444	27825600	11081085.71	55.5493333	18.4008333	Winter	Mesohaline	Hypolimneon	normal
W159	7.5086	1	2.8529	11.49	0.6	12.19	0.15	5.32	0.98	998746.7281	38447200	19180857.14	54.8662167	19.2839833	Winter	Mesohaline	Surface	normal
W160	7.7555	60	3.2825	10.72	0.72	9.55	0.03	3.52	0	661918.2561	25485428.57	10204857.14	54.8662167	19.2839833	Winter	Mesohaline	Hypolimneon	normal
W163	7.6214	2	3.3118	10.88	0.63	7.31	0.07	3.34	0.27	668266.7302	33115028.57	12384742.86	55.2785	17.80705	Winter	Mesohaline	Surface	normal
W165	12.2316	70	7.7272	5.06	1.42	19.25	0.03	6.14	1.15	671740.4235	3804114.286	1709714.286	55.2785	17.80705	Winter	Marine	Hypolimneon	intermediate
W166	13.2548	78	8.5959	4.26	1.54	22.39	0.04	7.2	0.16	611010.6812	3077485.714	1410514.286	55.2785	17.80705	Winter	Marine	Hypolimneon	low
W167	7.8562	1.5	3.1992	11.01	0.59	7.8	0.12	2.96	0.11	930470.6865	46311885.71	20313542.86	55.2498	15.9839333	Winter	Mesohaline	Surface	normal
W172	7.7967	30	2.8407	11.11	0.61	10.9	0.2	1.95	0.71	901243.7494	30956514.29	16381200	54.8569667	15.3823833	Winter	Mesohaline	Hypolimneon	normal
W173	12.5279	65	8.8451	3.94	1.53	30.65	0.03	5.88	0.82	563696.5822	NA	NA	54.8569667	15.3823833	Winter	Marine	Hypolimneon	low
W174	13.6383	68	9.2965	3.26	1.69	30.45	0.06	5.99	0	711987.3533	1325028.571	331257.1429	54.8569667	15.3823833	Winter	Marine	Hypolimneon	low
W176	8.1902	20	2.4873	11.15	0.56	8.2	0.31	1.73	1.15	723007.346	19672400	13111371.43	54.9253333	13.49965	Winter	Marine	Hypolimneon	normal
W177	12.813	42	2.6567	10.17	0.61	8.5	0.31	1.95	0.49	695577.1468	6101542.857	4391828.571	54.9253333	13.49965	Winter	Marine	Hypolimneon	normal
W178	15.6258	45	2.8652	10.16	0.49	4	0.17	0.31	0.93	526204.6506	5353542.857	3846857.143	54.9253333	13.49965	Winter	Marine	Hypolimneon	normal
W180	8.8387	30	2.2641	11.79	0.28	0.98	0.04	0	0.125	677729.55	9424800	7960857.143	55	13.4	Winter	Marine	Hypolimneon	normal
W181	12.6926	40	2.6153	10.46	0.59	6.73	0.28	2.16	31.04	720372.1303	7469314.286	5107771.429	55	13.4	Winter	Marine	Hypolimneon	normal
W182	7.9012	1.5	2.7084	NA	NA	NA	NA	NA	NA	1011683.241	NA	NA	54.8611833	13.27485	Winter	Mesohaline	Surface	normal
W183	8.175	20	2.4865	NA	NA	NA	NA	NA	NA	774992.9636	19116742.86	15451542.86	54.8611833	13.27485	Winter	Marine	Hypolimneon	normal
W184	11.0878	40	2.6556	NA	NA	NA	NA	NA	NA	647903.7002	7255600	5022285.714	54.8611833	13.27485	Winter	Marine	Hypolimneon	normal
W185	8.4508	1	2.7534	11.5	0.45	8	0.13	1.02	0	902561.3572	18614514.29	15857600	54.6952833	12.7073833	Winter	Marine	Surface	normal
W187	12.1742	19	2.8374	9.95	0.92	10.68	0.26	3.64	0.69	1042826.699	NA	NA	54.6952833	12.7073833	Winter	Marine	Hypolimneon	normal
W188	10.1182	5	2.604	11.94	0.24	0.78	0.04	0	0	741214.2904	5075714.286	7886057.143	54.3867167	12.1034833	Winter	Marine	Surface	normal
W190	16.1812	19	2.964	9.55	0.66	8.63	0.14	1.86	2.6	1278438.934	3045428.571	1111314.286	54.3867167	12.1034833	Winter	Marine	Hypolimneon	normal